0   0.50    -12.00
1   2.00    -11.30
2   4.50    -7.56
3   5.65    -5.80
4   6.20    -4.95
5   7.65    -3.10
6   10.30   0.95
7   11.00   2.15
8   12.60   4.50
9   14.20   6.80
10  15.65   9.30
11  17.50   11.85
12  17.50   13.00
13  16.75   12.45
14  14.80   9.60
15  12.25   5.70
16  11.85   4.90
17  10.40   2.80
18  8.85    2.45
19  8.05    -0.40
20  6.25    -2.30
21  5.45    -5.04
22  3.95    -7.20
23  1.51    -10.85
24  0.00    -12.0
25  -1.70   -11.0
26  -0.70   -9.00
27  -2.35   -7.15
28  -2.50   -8.35
29  -1.80   -10.50
30  -2.20   -13.00
31  -2.60   -14.30
32  -6.65   -13.50
33  -10.0   -12.75
34  -16.0   -12.00
35  -18.6   -11.25
36  -19.0   -11.75
37  -20.2   -16.60
38  -10.25  -13.72
39  -6.75   -14.30
40  -1.50   -15.25
41  -0.50   -14.80
